Category,Food Name,Calorie (kcal),Carbs (g),Protein (g),Fat (g),Water (g),Ash (g)
穀物類,"大麥仁",364.6228,77.1418,8.5578,1.5935,11.6693,1.0376
穀物類,"大麥片",364.6155,76.6666,8.636,1.79,12.09,0.8174
穀物類,"大麥仁粉",388.8475,84.9554,7.118,1.3142,5.733,0.8794
穀物類,"小米",370.1938,71.6907,11.3135,3.655,12.26,1.0808
穀物類,"糯小米",360.1972,72.5162,12.465,1.5164,12.864,0.6384
穀物類,"小麥",361.6418,69.1678,14.118,2.565,12.63,1.5192
穀物類,"小麥胚芽",417.0033,47.9154,31.362,11.585,4.23,4.9076
穀物類,"去筋麵粉",354.9493,85.7443,0.181,0.1165,13.643,0.3152
穀物類,"低筋麵粉",363.6075,78.1938,8.0855,1.175,12.045,0.5007
穀物類,"中筋麵粉",361.0283,74.0972,11.4535,1.31,12.635,0.5043
穀物類,"高筋麵粉",361.5771,73.0587,12.945,1.19,12.25,0.5563
穀物類,"高筋麵粉(2021年取樣)",362.2052,72.2213,13.805,1.2755,12.34,0.3582
穀物類,"全麥麵粉",359.2716,71.429,12.968,1.706,12.736,1.161
穀物類,"雜糧中筋麵粉",360.9425,71.978,13.113,2.2865,11.652,0.9705
穀物類,"雜糧高筋麵粉",360.2967,69.589,14.288,2.7543,12.421,0.9477
穀物類,"白玉米",65.8248,11.45,3.4,0.64,83.8,0.71
穀物類,"紫玉米",167.894,34.4208,4.461,1.032,59.444,0.6422
穀物類,"甜玉米",106.9033,17.8305,3.25,2.4772,75.7316,0.7107
穀物類,"雙色水果玉米",105.403,17.4564,3.104,2.5503,76.243,0.6463
穀物類,"糯玉米",172.1804,33.4494,4.727,1.898,59.066,0.8596
穀物類,"冷凍玉米粒",173.5786,22.53,3.1,8.2,65.6,0.57
穀物類,"乾玉米粒",373.0182,72.2077,10.8765,3.9421,11.9235,1.0502
穀物類,"玉米胚芽",365.8851,80.3116,7.035,0.8954,11.48,0.278
穀物類,"玉米粉",368.578,88.3084,0.323,0.4163,10.87,0.0823
穀物類,"秈米平均值",356.5641,77.3827,7.823,0.8554,13.4388,0.5002
穀物類,"秈米(台中在來2號)",354.788,76.3,8.2,1,13.9,0.6
穀物類,"秈米(台中秈10號)",358.3403,78.4653,7.446,0.7108,12.9775,0.4004
穀物類,"秈米(台中秈10號)(2024年取樣)",357.3916,79.8055,6.114,0.56,12.99,0.5305
穀物類,"稉米平均值",353.9518,77.8224,7.0319,0.6964,14.082,0.3673
穀物類,"稉米(台中189號)",355.6145,78.0588,7.5,0.56,13.54,0.3412
穀物類,"稉米(台南11號)",348.3469,77.1738,6.741,0.4819,15.386,0.2173
穀物類,"稉米(台稉2號)",356.7255,78.7163,7.205,0.5069,13.2077,0.3641
穀物類,"稉米(台稉8號)",355.2428,78.8316,6.928,0.4024,13.502,0.336
穀物類,"稉米(台稉9號)",353.2311,78.2041,6.58,0.6335,14.3045,0.2779
穀物類,"稉米(台農71號)",356.6444,77.7507,7.9183,0.6393,13.3133,0.3784
穀物類,"稉米(高雄139號)",357.2448,78.4933,6.1225,1.1844,13.6828,0.517
穀物類,"稉米(高雄142號)",352.516,77.7,7,0.6,14.3,0.4
穀物類,"稉米(高雄145號)",364.4454,80.0453,6.768,0.9792,11.819,0.3885
穀物類,"稉米(高雄139號)(2021年取樣)",352.2554,79.1833,5.666,0.4619,14.406,0.2828
穀物類,"越光米",339.5073,73.25,7.556,0.9765,17.765,0.4525
穀物類,"越光米(台南16號)(2024年取樣)",355.8933,79.1176,6.948,0.33,13.27,0.3344
穀物類,"秈型糯米(台中糯70號)",361.3604,78.439,7.8625,0.89,12.355,0.4535
穀物類,"稉型糯米平均值",358.1558,77.418,8.29,0.81,13.142,0.34
穀物類,"稉型糯米",358.6265,78.036,8.38,0.52,12.784,0.28
穀物類,"稉型糯米(台稉糯1號)",357.685,76.8,8.2,1.1,13.5,0.4
穀物類,"野生紅米",359.713,74.7352,7.693,2.5955,13.695,1.2813
穀物類,"紅糯糙米",361.6964,72.5936,9.92,2.8463,13.133,1.5071
穀物類,"黑秈糯糙米",357.4076,70.1026,10.1235,3.465,14.81,1.4989
穀物類,"胚芽秈米(台中秈10號)",363.0183,76.0519,8.272,2.0718,12.3405,1.2638
穀物類,"胚芽稉米平均值",361.7421,76.833,8.1985,1.5692,12.669,0.7304
穀物類,"胚芽稉米(台稉10號）",360.3746,77.1722,7.28,1.6679,13.072,0.8079
穀物類,"胚芽稉米(台稉9號)",363.1096,76.4937,9.117,1.4705,12.266,0.6528
穀物類,"發芽稉米平均值",354.9414,73.9857,7.798,2.3453,14.8175,1.0535
穀物類,"發芽稉米(台稉71號)",356.7383,73.8638,7.406,2.8031,14.828,1.0991
穀物類,"發芽稉米(台稉9號）",353.1446,74.1076,8.19,1.8875,14.807,1.0079
穀物類,"糙秈米",358.7368,73.6444,7.285,3.2064,14.373,1.4912
穀物類,"糙稉米平均值",364.2759,76.6276,7.436,2.3292,12.506,1.1012
穀物類,"糙稉米(台稉71號)",360.3815,73.6494,8.955,2.6203,13.595,1.1803
穀物類,"糙稉米(台稉9號)",364.2759,76.6276,7.436,2.3292,12.506,1.1012
穀物類,"黑秈糙米",363.0816,74.035,7.455,3.4538,13.65,1.4062
穀物類,"加鈣米",355.0521,77.68,7.37,0.74,13.62,0.59
穀物類,"高纖米",362.7227,75.1674,8.276,2.47,12.84,1.2466
穀物類,"五穀米",358.2847,72.9163,8.695,2.8521,14.275,1.2616
穀物類,"米胚芽",390.9448,52.8858,17.024,12.723,11.433,5.9342
穀物類,"秈米粉",363.2489,83.3658,4.157,0.4215,11.853,0.2027
穀物類,"糙米粉",392.739,78.1,11.3,3.2,5.9,1.5
穀物類,"白糯米粉",359.895,82.3007,4.505,0.3825,12.587,0.2248
穀物類,"白飯",183.1356,41.01,3.09,0.25,55.56,0.09
穀物類,"高梁",371.8047,73.6032,11.0165,3.0448,11.273,1.0625
穀物類,"糯高梁",362.3257,75.6852,10.69,1.04,12.06,0.5248
穀物類,"黑麥片",359.2458,77.3014,7.784,1.234,12.469,1.2116
穀物類,"燕麥",406.0363,67.4401,10.9165,10.215,9.975,1.4534
穀物類,"燕麥片",393.374,64.1,12.3,9.7,10.1,3.8
穀物類,"即食燕麥片",406.2506,67.8638,11.909,9.5684,9.12,1.5388
穀物類,"蕎麥(甜蕎)",360.8428,71.2715,11.037,2.8733,13.2433,1.5749
穀物類,"薏仁",378.4899,66.2196,14.0733,6.05,11.5367,2.1204
穀物類,"糙薏仁",386.8506,65.9182,13.702,7.3707,11.0093,1.9998
穀物類,"薏仁粉",394.795,79.99,10.89,3.475,4.67,0.975
穀物類,"紅藜麥",378.927,66.7713,12.134,6.7366,12.206,2.1521
穀物類,"台灣藜(紅)(帶殼)",385.5813,62.3071,14.872,8.45,8.67,5.7009
澱粉類,"淮山",362.8352,82.3519,5.294,0.34,11.22,0.7941
澱粉類,"山藥平均值",85.3829,17.8241,2.8187,0.1107,78.2907,0.9558
澱粉類,"山藥(二刺)",89.1922,18.8787,2.732,0.0872,77.4,0.9021
澱粉類,"山藥(大汕1號)",79.951,16.9691,2.407,0.0749,79.641,0.908
澱粉類,"山藥(大汕3號)",72.683,14.965,2.649,0.08,81.319,0.987
澱粉類,"山藥(大刺)",84.6262,17.0539,3.523,0.0704,78.349,1.0037
澱粉類,"山藥(中國長品)",74.1359,15.479,2.452,0.0926,81.016,0.9604
澱粉類,"山藥(台農1號)",93.3841,19.9388,2.595,0.1302,76.519,0.817
澱粉類,"山藥(台農2號)",94.8985,19.8694,3.207,0.0594,75.619,1.2452
澱粉類,"山藥(白皮削)",75.0452,15.6961,2.465,0.0883,80.774,0.9766
澱粉類,"山藥(尖石原生種)",64.6657,12.4121,3.14,0.1494,83.315,0.9835
澱粉類,"山藥(宜蘭原生種)",140.1744,29.0937,4.796,0.1859,64.818,1.1064
澱粉類,"山藥(花蓮3號)",93.3366,20.8666,1.693,0.0892,76.506,0.8452
澱粉類,"山藥(青森)",93.6043,19.8732,2.607,0.1832,76.293,1.0436
澱粉類,"山藥(高田)",71.0372,14.0043,3.116,0.1381,81.854,0.8876
澱粉類,"山藥(白肉)",68.626,14.4376,2.08,0.1207,82.647,0.7147
澱粉類,"紫山藥",92.3211,19.5752,2.821,0.0766,76.489,1.0382
澱粉類,"木薯粉",361.6688,87.3207,0.076,0.1924,12.1715,0.2394
澱粉類,"白皮甘藷",119.2089,27.473,1.283,0.1199,69.955,1.1691
澱粉類,"菱角牛奶甘藷",133.1638,29.8853,1.86,0.3302,66.878,1.0465
澱粉類,"芋心甘藷",122.3155,28.4558,1.055,0.1138,69.443,0.9324
澱粉類,"紅肉甘藷",113.7181,25.41,1.7783,0.248,71.723,0.8407
澱粉類,"金時甘藷",138.2959,31.2836,1.639,0.3583,65.665,1.0541
澱粉類,"黃肉甘藷",120.6673,27.7651,1.278,0.1527,70.0127,0.7915
澱粉類,"甘藷粉",357.5595,85.5103,1.0215,0.1509,12.8595,0.4578
澱粉類,"油炸脫水甘藷",524.9,61.23,2.27,30.1,3.6,2.8
澱粉類,"芋頭",127.75,26.4,2.5,1.1,68.9,1.1
澱粉類,"小芋頭(山芋)",112.9382,22.7924,2.2897,1.2044,72.545,1.1685
澱粉類,"檳榔心芋",121.0231,28.0716,1.298,0.035,69.53,1.0654
澱粉類,"檳榔心芋(2021年取樣)",106.611,24.7955,1.139,0,73.131,0.9345
澱粉類,"冷凍芋頭塊",147.181,24.9,2.2,4.3,65.3,3.3
澱粉類,"芋頭粉",333.1607,83.0813,0.102,0.0475,16.092,0.6772
澱粉類,"豆薯",31.4353,6.8139,0.728,0.0616,92.0613,0.3352
澱粉類,"紅馬鈴薯(粉紅珍珠馬鈴薯)",65.7781,14.374,1.64,0.0173,83.0005,0.9682
澱粉類,"馬鈴薯",76.9397,15.7848,2.5825,0.2161,80.5455,0.8711
澱粉類,"馬鈴薯(2022年取樣)",70.3922,14.9255,2.276,0,81.94,0.8585
澱粉類,"小馬鈴薯(珍珠馬鈴薯)",59.4809,12.7782,1.748,0,84.593,0.8808
澱粉類,"馬鈴薯粉",346.1938,83.8,0.09,0.07,15.8,0.24
澱粉類,"荸薺",67.1952,14.4924,1.703,0.0989,82.606,1.0997
澱粉類,"荸薺粉",364.8579,87.7738,0.384,0.2065,11.226,0.4097
澱粉類,"蓮藕",65.1526,13.5033,2.0293,0.1893,83.398,0.8801
澱粉類,"熟蓮藕",50.2206,11.0468,1.088,0.0542,87.323,0.488
澱粉類,"熟蓮藕切片(水煮)",73.2139,16.9402,0.772,0.048,82.021,0.2188
澱粉類,"蓮藕粉",364.8407,88.3381,0.12,0.05,11.34,0.1519
澱粉類,"菱角(生)",76.3995,16.07,1.9,0.33,81,0.7
澱粉類,"菱角仁(生)",118.0451,24.0776,4.141,0.3171,69.756,1.7083
澱粉類,"菱角(熟)",146.2443,30.9853,4.218,0.25,63.39,1.1567
澱粉類,"蒟蒻粉",351.3836,87.2371,0.184,0.1888,9.296,3.0941
堅果及種子類,"甘扁桃仁片(生)",563.8544,16.9753,27.257,47.8116,4.963,2.9931
堅果及種子類,"甘扁桃仁片(熟)",617.8689,14.8323,23.443,56.8882,2.987,1.8495
堅果及種子類,"甘扁桃仁(熟)",587.8776,23.2326,21.946,49.8409,1.871,3.1095
堅果及種子類,"松子仁(生)",677.7577,9.3778,16.6155,69.5262,1.871,2.6095
堅果及種子類,"原味松子仁",680.4281,13.0403,14.462,68.9571,0.965,2.5756
堅果及種子類,"原味夏威夷豆",699.8346,18.2422,7.478,71.6416,1.183,1.4552
堅果及種子類,"生核桃",667.4064,11.1741,15.388,67.9249,3.6663,1.8467
堅果及種子類,"栗子(生)",263.8746,57.941,4.6115,1.44,34.32,1.6875
堅果及種子類,"栗子仁(生)",176.4781,38.6856,3.686,0.7452,55.852,1.0312
堅果及種子類,"開心果",600.755,20.0686,22.381,52.7376,1.132,3.6808
堅果及種子類,"腰果(生)",568.1358,30.3317,18.3335,45.5279,3.315,2.4919
堅果及種子類,"原味腰果",566.0303,35.1692,16.376,43.7356,2.226,2.4932
堅果及種子類,"原味榛果",671.6361,17.2005,12.997,66.4911,1.077,2.2344
堅果及種子類,"山粉圓",399.6244,58.0421,16.333,12.75,8.71,4.1649
堅果及種子類,"亞麻仁籽",524.2401,28.1117,20.83,40.328,7.593,3.1373
堅果及種子類,"亞麻仁籽粉",557.0958,28.5988,21.7325,43.6424,2.8565,3.1698
堅果及種子類,"咖啡豆(曼特寧)",437.4317,65.08,13.86,14.87,2.13,4.06
堅果及種子類,"奇亞子",483.3174,34.7882,21.6785,31.8405,7.237,4.4558
堅果及種子類,"白芝麻(生)",598.038,15.0075,22.2645,54.9223,4.721,3.0847
堅果及種子類,"黑芝麻(生)",550.9268,17.6005,22.1585,48.0768,6.0375,6.1267
堅果及種子類,"白芝麻(熟)",625.6099,15.7107,20.2885,58.6937,1.8885,3.4186
堅果及種子類,"白芝麻(熟)2022年取樣)",600.6946,21.2028,21.734,52.4471,1.42,3.1961
堅果及種子類,"黑芝麻(熟)",599.4997,20.639,17.26,54.4333,1.538,6.1297
堅果及種子類,"黑芝麻(熟)(2022年取樣)",591.1492,21.1407,20.689,51.7701,1.04,5.3602
堅果及種子類,"黑芝麻粉",601.276,20.7926,15.719,55.2097,2.222,6.0567
堅果及種子類,"帶殼花生(生)",330.7629,12.2225,15.289,27.2359,43.702,1.5506
堅果及種子類,"冷凍帶殼花生(熟)",343.5417,13.3451,17.153,27.444,40,2.0579
堅果及種子類,"黑金剛花生(生)",553.0609,16.5502,27.632,46.5733,6.43,2.8145
堅果及種子類,"帶膜花生仁(生)(1995年之前取樣)",505.8875,20.5795,28.785,38.5,9.885,2.2505
堅果及種子類,"去膜花生仁(生)",557.6365,19.1372,28.8335,45.3639,4.21,2.4554
堅果及種子類,"帶膜花生仁(生)(2004年取樣)",516.4973,28.4046,23.6283,38.1004,7.5057,2.361
堅果及種子類,"紅土帶殼花生(熟)",555.0467,19.4667,31.246,43.8941,1.4447,3.9485
堅果及種子類,"花生粉",515.7649,32.9546,28.536,33.7658,1.8765,2.8671
堅果及種子類,"芡實",342.5929,75.4092,9.944,0.14,14.1,0.4068
堅果及種子類,"愛玉子",406.7013,63.74,12.22,12.53,7.76,3.75
堅果及種子類,"原味葵瓜子(去殼)",586.3687,18.6536,21.981,51.8727,3.959,3.5337
堅果及種子類,"銀杏果",142.0686,28.8856,4.084,1.2345,64.9605,0.8354
堅果及種子類,"蓮子",140.9132,25.591,9.277,0.5456,63.1547,1.4317
堅果及種子類,"蓮子(乾)",333.8598,60.9265,21.7775,1.2331,11.9585,4.1044
水果類,"山竹",69.4004,18.094,0.5535,0.287,80.843,0.2225
水果類,"木瓜平均值",38.1568,9.9063,0.559,0.0736,89.0564,0.4048
水果類,"木瓜(2月取樣)",31.152,7.7301,0.693,0.1189,91.0385,0.4195
水果類,"木瓜(5月取樣)",43.8347,11.3045,0.675,0.104,87.427,0.4895
水果類,"木瓜(8月取樣)",33.4413,8.8139,0.457,0.021,90.295,0.4131
水果類,"木瓜(11月取樣)",44.199,11.7765,0.411,0.0505,87.465,0.297
水果類,"青木瓜",28.5757,7.1981,0.6203,0.0691,91.6581,0.4544
水果類,"安石榴",67.2198,16.76,1.7,0.14,80.7,0.7
水果類,"百香果(台農一號)",102.208,21.3183,1.998,2.24,73.89,0.5537
水果類,"百香果汁",72.9366,18.6121,0.871,0.3592,79.577,0.5807
水果類,"金黃奇異果",58.9366,14.97,0.8385,0.2661,83.3445,0.5809
水果類,"奇異果",56.2826,13.9607,1.1497,0.2582,83.95,0.6814
水果類,"紅毛丹",73.2833,17.8662,1.0315,0.657,80.043,0.4023
水果類,"紅龍果(白肉)",51.4985,12.4151,0.9307,0.4393,85.6757,0.5392
水果類,"紅龍果(紅肉)",50.05,12.2776,1.119,0.2498,85.842,0.5116
水果類,"北蕉平均值",84.9833,22.0845,1.451,0.0722,75.7204,0.672
水果類,"北蕉(2月取樣)",93.2203,24.633,1.324,0.0111,73.448,0.5839
水果類,"北蕉(5月取樣)",91.7847,23.6552,1.557,0.1666,73.8715,0.7497
水果類,"北蕉(9月取樣)",64.6971,16.6394,1.33,0.039,81.375,0.6166
水果類,"北蕉(11月取樣)",90.231,23.4102,1.593,0.0719,74.187,0.7379
水果類,"北蕉(0天,綠皮)",90.4728,23.3214,1.303,0.2554,74.353,0.7672
水果類,"北蕉(1天)",87.1529,22.2016,1.432,0.2886,75.38,0.6978
水果類,"北蕉(3天)",83.6957,21.2829,1.361,0.2992,76.351,0.7059
水果類,"北蕉(7天)",67.8757,17.0754,1.287,0.2485,80.659,0.7301
水果類,"李林蕉(2007年取樣)",102.1755,26.253,1.418,0.3465,70.984,0.9985
水果類,"李林蕉(2012年取樣)",110.6234,29.1507,1.474,0.087,68.321,0.9673
水果類,"南華蕉",124.085,33.1697,1.142,0.1,64.808,0.7803
水果類,"紅皮蕉(2004年取樣)",92.9853,23.951,1.287,0.2912,73.384,1.0868
水果類,"紅皮蕉(2012年取樣)",97.7854,25.4518,1.281,0.2216,72.109,0.9366
水果類,"蛋蕉(2023年取樣)",87.4042,23.2589,1.068,0.01,75.04,0.6231
水果類,"酪梨(綠皮)",64.9787,7.9446,1.6293,3.6922,86.1113,0.6226
水果類,"酪梨(室溫存放0天)",80.0423,7.1315,1.455,5.9116,84.962,0.5399
水果類,"酪梨(室溫存放3天)",84.4824,6.3301,1.365,6.8229,84.837,0.645
水果類,"酪梨(室溫存放6天)",92.2151,6.5564,1.517,7.5884,83.243,1.0952
水果類,"榴槤",131.7274,29.7262,2.7187,1.8612,64.719,0.9749
水果類,"開英種1號鳳梨",56.1664,14.5402,0.624,0.2061,84.375,0.2547
水果類,"鳳梨平均值(雜交種)",52.6628,13.6018,0.7379,0.1454,85.1745,0.3404
水果類,"甘蔗鳳梨",57.4048,15.1288,0.693,0.0732,83.801,0.304
水果類,"甜蜜蜜鳳梨",42.3321,10.6299,0.978,0.093,87.864,0.4351
水果類,"金鑽鳳梨",50.4379,13.2495,0.501,0.1262,85.842,0.2813
水果類,"牛奶鳳梨",60.4765,15.3991,0.7795,0.2892,83.191,0.3412
水果類,"釋迦",104.1989,26.556,2.2,0.144,70,1.1
水果類,"鳳梨釋迦",102.1751,26.0073,1.5105,0.415,71.484,0.5832
水果類,"桑葚",31.9989,6.9727,1.137,0.3676,91.046,0.4767
水果類,"桑葚汁",25.1552,5.8665,0.815,0.155,92.747,0.4165
水果類,"草莓",38.6848,9.2799,0.963,0.2439,88.9717,0.5415
水果類,"土芭樂",39.1794,9.96,0.74,0.1,88.8,0.4
水果類,"芭樂平均值(白肉)",39.9848,10.2344,0.6901,0.0982,88.6011,0.3762
水果類,"番石榴(珍珠拔)(有機)",39.8257,10.3856,0.576,0.06,88.61,0.3684
水果類,"世紀芭樂",39.7046,10.2531,0.662,0.068,88.6667,0.3502
水果類,"珍珠芭樂",41.9639,10.5989,0.7225,0.1649,88.1277,0.386
水果類,"泰國芭樂",38.445,9.7,0.8,0.1,89,0.4
水果類,"無子芭樂",33.4051,8.5848,0.74,0.0016,90.399,0.2746
水果類,"紅心芭樂",42.0341,10.7164,0.757,0.1089,88.027,0.3907
水果類,"楊桃平均值",32.0281,8.2414,0.5262,0.0706,90.8332,0.3286
水果類,"楊桃(2月取樣)",29.3672,7.5781,0.438,0.0734,91.6,0.3105
水果類,"楊桃(4月取樣)",32.095,8.1398,0.651,0.0722,90.653,0.484
水果類,"楊桃(5月取樣)",34.4451,8.6792,0.636,0.127,90.246,0.3118
水果類,"楊桃(9月取樣)",33.4224,8.7635,0.468,0.036,90.492,0.2405
水果類,"楊桃(11月取樣)",30.8111,8.0466,0.438,0.0444,91.175,0.296
水果類,"美國紅葡萄",68.6178,17.7089,0.443,0.4035,81.0665,0.3781
水果類,"巨峰葡萄",63.5451,16.5539,0.52,0.2633,82.3543,0.3085
水果類,"綠葡萄平均值",57.9343,15.2524,0.5188,0.1533,83.7315,0.3441
水果類,"美國綠葡萄",63.9579,16.8136,0.5385,0.1935,82.003,0.4514
水果類,"意大利葡萄",51.9108,13.6912,0.499,0.113,85.46,0.2368
水果類,"美國紅葡萄(含皮)",61.3069,16.2833,0.4385,0.145,82.7151,0.4181
水果類,"美國紫葡萄(含皮)",80.4128,21.9225,0.444,0,77.2799,0.3536
水果類,"美國黑葡萄(含皮)",62.6744,16.4455,0.592,0.177,82.377,0.4085
水果類,"美國綠葡萄(含皮)",86.9466,22.6912,0.581,0.395,75.498,0.8348
水果類,"無子紅葡萄(含皮)",71.6646,19.2264,0.46,0.108,79.859,0.3466
水果類,"黑美人葡萄(含皮)",65.5083,17.3899,0.5135,0.1409,81.5695,0.3862
水果類,"金香葡萄(含皮)",60.1749,15.9831,0.63,0.062,82.98,0.3449
水果類,"葡萄乾",306.1048,78.6796,3.19,1.4504,14.53,2.15
水果類,"蓮霧平均值(粉紅色種)",39.4115,9.9671,0.3857,0.2669,89.1243,0.256
水果類,"蓮霧(紅寶石)",32.9007,8.0566,0.339,0.3295,91.074,0.2009
水果類,"蓮霧(黑金剛)",33.8464,8.8178,0.473,0.0613,90.329,0.3189
水果類,"蓮霧(黑珍珠)",51.4874,13.0268,0.345,0.41,85.97,0.2482
水果類,"華寶大西瓜(花蓮)",33.1023,8.4475,0.654,0.059,90.639,0.2005
水果類,"西瓜平均值(紅肉小瓜)",32.5907,8.0445,0.7784,0.1213,90.8049,0.2509
水果類,"皇宮西瓜",32.3959,8.0912,0.69,0.1134,90.859,0.2464
水果類,"紅鈴西瓜",34.0299,8.51,0.8387,0.0688,90.3677,0.2148
水果類,"黑美人西瓜",36.465,9.0829,0.912,0.0839,89.68,0.2412
水果類,"鳳光西瓜",27.4719,6.494,0.673,0.2189,92.313,0.3011
水果類,"無籽西瓜",32.8436,8.2017,0.875,0.0451,90.522,0.3562
水果類,"西瓜平均值(黃肉小瓜)",29.0044,7.3347,0.679,0.038,91.6968,0.2516
水果類,"小玉西瓜",34.368,8.6689,0.791,0.06,90.2085,0.2716
水果類,"金蘭西瓜",23.6408,6.0005,0.567,0.016,93.185,0.2315
水果類,"嘉寶瓜",40.2228,9.98,0.78,0.2,88.74,0.3
水果類,"甜瓜平均值(光皮洋香瓜)",29.5857,7.1894,0.8727,0.0922,91.3988,0.4469
水果類,"太陽洋香瓜",32.3771,7.8275,1.163,0.0347,90.509,0.4658
水果類,"狀元瓜",27.3527,6.6442,0.7327,0.1161,92.0393,0.4677
水果類,"蜜世界洋香瓜",29.0271,7.0965,0.7225,0.1257,91.648,0.4073
水果類,"甜瓜平均值(東洋系脆瓜)",36.7097,8.9142,0.9829,0.1572,89.2955,0.6501
水果類,"美濃瓜",36.8136,8.7946,1.0678,0.187,89.2735,0.6771
水果類,"黃香瓜",30.4992,7.54,0.6,0.16,91,0.7
水果類,"嘉玉甜瓜",42.8162,10.4081,1.281,0.1246,87.613,0.5733
水果類,"洋香瓜(新世紀)",38.9086,10.0789,0.674,0.043,88.657,0.5471
水果類,"新疆哈密瓜",27.7775,6.865,0.7,0.085,91.8,0.55
水果類,"洋香瓜(卡蜜拉)",37.6079,9.4757,0.567,0.19,89.34,0.4273
水果類,"甜瓜平均值(網紋洋香瓜)",36.9446,9.3148,0.9182,0.039,89.2673,0.4607
水果類,"七股香洋香瓜",40.2804,10.4749,0.588,0.0711,88.376,0.49
水果類,"天香洋香瓜",44.4526,11.5766,0.811,0.0062,87.149,0.4572
水果類,"秋香洋香瓜",34.0753,8.3917,1.04,0.0443,90.046,0.478
水果類,"紅寶石洋香瓜",38.8355,9.5729,1.232,0.0279,88.563,0.6042
水果類,"香華洋香瓜",30.4513,7.6692,0.743,0.0413,91.249,0.2975
水果類,"藍寶石洋香瓜",33.5724,8.2037,1.095,0.043,90.221,0.4373
水果類,"土芒果",54.3278,13.8239,0.6487,0.2846,84.8697,0.3731
水果類,"芒果平均值(西洋種)",50.3479,12.9509,0.5779,0.213,86.0097,0.2485
水果類,"肯特芒果",49.3645,12.6627,0.538,0.2355,86.308,0.2558
水果類,"海頓芒果",59.9496,15.74,0.38,0.24,83.3,0.34
水果類,"凱特芒果",50.1086,12.4777,1.145,0.1603,85.961,0.256
水果類,"愛文芒果",42.3591,11.0064,0.3567,0.1837,88.2203,0.2329
水果類,"聖心芒果",49.9574,12.8676,0.47,0.2455,86.259,0.1579
水果類,"黑香芒果",65.9523,16.871,0.813,0.2969,81.555,0.4641
水果類,"芒果平均值(新興種)",55.8473,14.4176,0.5786,0.239,84.4512,0.3137
水果類,"四季芒果",60.0964,15.6476,0.577,0.2182,83.2025,0.3547
水果類,"玉文芒果",61.9019,16.0712,0.519,0.275,82.899,0.2358
水果類,"金煌芒果",51.637,13.0084,0.8265,0.2425,85.6185,0.3041
水果類,"金蜜芒果",63.8271,16.3012,0.583,0.3804,82.291,0.4444
水果類,"金興芒果",40.9565,10.6033,0.552,0.1111,88.46,0.2736
水果類,"香水芒果",65.2215,17.0866,0.5715,0.2138,81.8485,0.2796
水果類,"蓮花芒果",47.2908,12.2047,0.421,0.2317,86.839,0.3036
水果類,"芒果乾",333.9183,89.9751,0.55,0.9749,7.6,0.9
水果類,"荔枝平均值",64.9699,16.5319,1.0357,0.236,81.8044,0.3921
水果類,"玉荷苞荔枝",68.2581,17.3064,1.168,0.2426,80.87,0.413
水果類,"黑葉仔荔枝",61.6818,15.7574,0.9033,0.2294,82.7387,0.3712
水果類,"冷凍荔枝",28.1127,7.18,0.4,0.11,91.9,0.41
水果類,"龍眼",71.8698,18.0294,1.1275,0.3794,79.718,0.7457
水果類,"龍眼乾",276.0909,70.9074,5.065,0.4547,18.2395,5.3334
水果類,"帶殼龍眼乾",278.4911,72.8965,4.604,0.071,19.662,2.7665
水果類,"李子平均值(青皮黃肉)",47.5354,11.7093,0.667,0.3753,86.864,0.3845
水果類,"加州青李",47.176,11.9872,0.649,0.22,86.771,0.3728
水果類,"翡翠李",47.8949,11.4314,0.685,0.5305,86.957,0.3961
水果類,"李子平均值(紅皮紅肉)",39.4575,9.6089,0.6053,0.3384,89.045,0.4026
水果類,"紅肉李(大)",40.5805,10.0037,0.5315,0.3323,88.866,0.2665
水果類,"紅肉李(小)",38.3345,9.214,0.679,0.3444,89.224,0.5386
水果類,"李子平均值(紅皮黃肉)",47.6233,11.8859,0.7072,0.2937,86.729,0.3842
水果類,"加州紅李(台灣)",44.6365,10.5853,0.348,0.6404,88.153,0.2733
水果類,"加州紅李(進口)",60.0724,15.3065,0.818,0.2653,83.034,0.5762
水果類,"加州蜜李(進口)",66.2079,17.1014,1.254,0.0513,81.119,0.4743
水果類,"香水李",36.1779,8.7576,0.709,0.271,89.871,0.3914
水果類,"桃接李(大)",37.5626,9.231,0.5845,0.2828,89.614,0.2877
水果類,"桃接李(小)",35.8162,8.5987,0.66,0.3158,90.149,0.2765
水果類,"蜜棗李(進口)",52.89,13.6207,0.577,0.229,85.163,0.4103
水果類,"黃肉李",35.4499,8.9241,0.436,0.222,90.138,0.2799
水果類,"黑李",56.8927,14.7397,0.7435,0.1591,83.89,0.4677
水果類,"枇杷",37.9522,9.7937,0.327,0.1907,89.1275,0.5611
水果類,"筆柿",69.216,18.3445,0.574,0.149,80.621,0.3115
水果類,"甜柿平均值",57.1428,15.1904,0.4813,0.1004,83.9565,0.2715
水果類,"富有甜柿(大雪山)",56.7934,15.122,0.391,0.1243,84.167,0.1957
水果類,"甜柿(進口)",57.4922,15.2588,0.5715,0.0765,83.746,0.3472
水果類,"國產甜柿",47.4084,12.6902,0.374,0.0558,86.63,0.25
水果類,"牛心柿",62.3047,16.4829,0.4805,0.1615,82.5575,0.3176
水果類,"四周柿",65.6456,17.5623,0.474,0.099,81.436,0.4287
水果類,"柿餅",195.6143,52.2366,1.7097,0.2172,44.547,1.2895
水果類,"水蜜桃平均值",39.4356,9.7287,0.9065,0.1633,88.7517,0.4499
水果類,"水蜜桃",39.7262,9.8665,0.906,0.1389,88.5953,0.4933
水果類,"甜蜜桃",39.145,9.5909,0.907,0.1876,88.908,0.4065
水果類,"脆桃平均值",44.3199,11.1215,0.9194,0.1426,87.3228,0.4938
水果類,"白油桃",36.7819,9.3339,0.635,0.125,89.62,0.2861
水果類,"玫瑰桃",50.949,12.8,1.2,0.1,85.3,0.6
水果類,"福壽桃",47.2326,11.9003,0.888,0.1682,86.447,0.5965
水果類,"鶯哥桃",42.316,10.4516,0.9545,0.1772,87.924,0.4927
水果類,"蟠桃",45.2668,11.2681,0.854,0.2189,87.267,0.392
水果類,"青梅(胭脂梅)",34.6328,8.8015,0.514,0.1458,90.043,0.4957
水果類,"西洋梨平均值",52.7872,14.0568,0.2543,0.1587,85.2623,0.2679
水果類,"西洋梨(青皮)",61.8717,16.4842,0.2755,0.1915,82.75,0.2988
水果類,"西洋梨(紅皮)",52.8339,13.9237,0.2815,0.2106,85.308,0.2762
水果類,"西洋梨(黃皮)",43.6562,11.7624,0.206,0.074,87.729,0.2286
水果類,"幸水梨",34.1309,9.014,0.403,0.039,90.409,0.135
水果類,"大雪梨",41.9846,11.0903,0.3367,0.1109,88.1017,0.3604
水果類,"新世紀梨",41.5951,10.719,0.368,0.2115,88.3449,0.3566
水果類,"新興梨",44.063,11.8832,0.24,0.057,87.463,0.3568
水果類,"橫山梨",46.5972,12.3734,0.4055,0.0825,86.827,0.3116
水果類,"豐水梨",36.129,9.3887,0.5257,0.0673,89.6673,0.351
水果類,"將軍蜜梨",49.8356,13.3133,0.366,0.081,86.0137,0.226
水果類,"梨山蜜梨",47.0467,12.693,0.289,0.0455,86.6149,0.3576
水果類,"蜜棗平均值(大)",43.2663,10.6935,1.0548,0.1465,87.7052,0.4002
水果類,"蜜棗(長形)",42.8209,10.4163,1.1605,0.17,87.846,0.4072
水果類,"蜜棗(圓形)",43.7118,10.9707,0.949,0.1229,87.5643,0.3931
水果類,"珍珠蜜棗",45.8929,11.6811,1.112,0.0125,86.654,0.5404
水果類,"國產紅棗",87.3003,23.0992,0.908,0.1305,75.118,0.7443
水果類,"紅棗(乾)",227.4004,59.5078,3.173,0.3,35.78,1.2392
水果類,"黑棗(乾)",230.0813,60.9404,2.71,0.19,34.83,1.3296
水果類,"蘋果平均值(青皮)",49.4235,13.044,0.3129,0.169,86.2543,0.22
水果類,"青龍蘋果",52.7381,13.9331,0.295,0.1897,85.3645,0.2177
水果類,"翠玉青蘋果",46.1089,12.1548,0.3307,0.1482,87.144,0.2223
水果類,"翠玉青蘋果(帶皮)",53.7499,14.053,0.371,0.2285,85.05,0.2975
水果類,"美國五爪蘋果",50.6902,13.7783,0.1545,0.068,85.7565,0.2427
水果類,"蘋果平均值(混色)",51.3994,13.8587,0.2123,0.095,85.5864,0.2477
水果類,"加拉蘋果",55.0358,14.9611,0.193,0.063,84.585,0.1979
水果類,"津輕蜜蘋果",56.3442,15.076,0.198,0.1679,84.243,0.3151
水果類,"秋香蘋果",45.3376,12.296,0.265,0.0217,87.204,0.2133
水果類,"富士蘋果",48.8801,13.1017,0.193,0.1273,86.3137,0.2643
水果類,"富士蘋果(帶皮)",44.9081,11.922,0.226,0.1469,87.584,0.1211
水果類,"金冠蘋果",48.7552,12.9688,0.36,0.1025,86.261,0.3077
水果類,"櫻桃",74.9321,19.0748,1.2155,0.2603,78.7675,0.6819
水果類,"白櫻桃",69.3936,18.3941,0.702,0.0975,80.356,0.4504
水果類,"椪柑",40.1505,10.0426,0.804,0.1548,88.715,0.2836
水果類,"紅柑",41.8001,10.5623,0.845,0.1119,88.1983,0.2825
水果類,"茂谷柑",44.3919,11.4914,0.595,0.1223,87.4039,0.3874
水果類,"海梨桶柑",43.8265,11.0184,0.8645,0.15,87.6499,0.3172
水果類,"高牆桶柑",45.1465,11.8211,0.771,0,87.0694,0.3385
水果類,"檸檬柑",48.2649,12.1847,1.108,0.0809,86.148,0.4784
水果類,"砂糖橘",49.8641,12.5916,0.652,0.28,86.05,0.4264
水果類,"長果金柑",55.5443,14.0803,0.96,0.1947,84.3682,0.3968
水果類,"圓果金柑",31.5768,7.56,0.7,0.24,91,0.5
水果類,"圓果金柑汁(綠皮)",32.3401,7.9832,0.891,0.0725,90.596,0.4573
水果類,"文旦",34.4186,8.7691,0.685,0.0655,90.183,0.2974
水果類,"文旦(2023年取樣)",47.8151,12.6765,0.574,0.03,86.38,0.3395
水果類,"白柚",37.4132,9.6199,0.5755,0.1013,89.4085,0.2948
水果類,"西施蜜柚",40.3168,10.0916,0.803,0.154,88.603,0.3484
水果類,"甜橙平均值(普遍系)",45.5985,11.3479,0.7908,0.2496,87.229,0.3827
水果類,"柳橙",43.5126,11.0363,0.799,0.1311,87.6314,0.4022
水果類,"香吉士(進口)",47.2362,11.3663,0.6845,0.48,87.05,0.4192
水果類,"澳洲甜橙(進口)",46.0467,11.6411,0.889,0.1376,87.0055,0.3268
水果類,"青皮葡萄柚",33.1124,8.2991,0.751,0.0851,90.602,0.2628
水果類,"紅寶石葡萄柚(古坑)",36.8728,8.9274,0.702,0.2838,89.859,0.2278
水果類,"黃皮葡萄柚(進口)",37.8268,9.6569,0.717,0.078,89.308,0.2401
水果類,"黃皮葡萄柚",37.2039,9.1955,0.668,0.2217,89.6305,0.2843
水果類,"檸檬",33.3043,7.35,0.708,0.5335,91.024,0.3845
水果類,"萊姆",37.6843,7.6738,0.521,0.9926,90.537,0.2756
水果類,"檸檬汁平均值",30.6394,7.0459,0.45,0.4495,91.7403,0.3144
水果類,"檸檬汁(黃皮)",29.8739,7.1598,0.478,0.2978,91.703,0.3614
水果類,"檸檬汁(綠皮)",31.4048,6.9319,0.422,0.6012,91.7775,0.2674
水果類,"萊姆汁",34.1966,8.0535,0.3125,0.4963,90.8985,0.2392
水果類,"紅甘蔗汁",76.1557,20.235,0.505,0.1927,78.818,0.2493
水果類,"紅甘蔗汁(有機,2023年取樣)",71.9862,18.8488,0.203,0.412,80.11,0.4262
水果類,"人心果",82.512,20.5,0.6,0.8,77.5,0.6
水果類,"可可椰子汁平均值",17.4086,4.4142,0.1405,0.1249,94.7715,0.5489
水果類,"可可椰子汁(屏東)",15.9585,3.8146,0.101,0.2254,95.36,0.499
水果類,"可可椰子汁(進口)",18.8587,5.0138,0.18,0.0244,94.183,0.5988
水果類,"蛋黃果",105.6234,27.2831,1.405,0.3206,70.3455,0.6458
水果類,"無花果",66.9899,16.5482,1.16,0.4204,81.267,0.6044
水果類,"無花果乾",328.0326,77.8,3.56,4.3,11.45,2.89
水果類,"黃金果",44.4768,10.9617,0.927,0.227,87.687,0.1973
水果類,"菠蘿蜜",107.7522,28.4135,1.016,0.2449,69.33,0.9956
水果類,"榴槤蜜",123.815,32.6365,1.608,0.11,64.58,1.0655
水果類,"牛奶果",62.1757,15.8463,0.829,0.28,82.63,0.4147
水果類,"餘甘子",42.5991,10.8303,0.285,0.3169,88.13,0.4378
水果類,"嘉寶果",58.5811,15.3209,0.347,0.27,83.87,0.1921
水果類,"藍莓(台灣)",53.4889,13.5989,0.527,0.33,85.32,0.2241
蔬菜類,"牛蒡",84.456,19.1474,2.5407,0.3733,76.8587,1.0799
蔬菜類,"胡蘿蔔平均值",38.547,8.8588,1.1223,0.1263,89.2882,0.6044
蔬菜類,"胡蘿蔔",37.2239,8.4915,1.005,0.1761,89.5656,0.7618
蔬菜類,"向陽二號胡蘿蔔",44.2969,10.6262,0.627,0.1448,88.067,0.535
蔬菜類,"澳洲胡蘿蔔(細長型)",34.1201,7.4587,1.735,0.058,90.232,0.5163
蔬菜類,"黃胡蘿蔔",41.802,9.4497,1.073,0.2553,88.357,0.865
蔬菜類,"冷凍胡蘿蔔",13.3556,2.98,0.47,0.06,96,0.49
蔬菜類,"根菾菜根",26.9879,5.9845,1.166,0.0709,91.759,1.0196
蔬菜類,"根菾菜根(2023年取樣)",36.5782,8.5581,1.222,0,89.25,0.9699
蔬菜類,"白蘿蔔平均值",17.5798,3.8652,0.5485,0.1277,95.1504,0.3083
蔬菜類,"白蘿蔔",16.0011,3.3226,0.695,0.146,95.4567,0.3797
蔬菜類,"白蘿蔔(長形)",19.1585,4.4078,0.402,0.1093,94.844,0.2369
蔬菜類,"櫻桃蘿蔔",10.7028,2.3446,0.595,0,96.539,0.5214
蔬菜類,"青蘿蔔",32.66,6.9728,1.809,0.0868,90.099,1.0324
蔬菜類,"蘿蔔乾",57.8833,10.81,2.2,1.19,75.8,10
蔬菜類,"百合鱗片",136.6158,32.347,3.793,0.0627,62.428,1.3693
蔬菜類,"乾百合鱗片",303.9155,68.3864,11.838,0.7399,15.62,3.4157
蔬菜類,"芋莖",19.7972,3.35,1.1,0.46,94.2,0.89
蔬菜類,"金針菜嫩莖",23.9964,5.3419,0.7207,0.1523,93.3723,0.4128
蔬菜類,"草石蠶",74.8778,18.0406,1.725,0,79.313,0.9214
蔬菜類,"球莖甘藍",19.943,3.5837,1.5563,0.2257,94.0487,0.5856
蔬菜類,"孟宗竹筍",40.0978,7.3006,3.958,0.15,87.288,1.3034
蔬菜類,"熟桂竹筍",20.846,3.489,2.1323,0.1974,93.7077,0.4736
蔬菜類,"烏殼綠竹筍",21.4256,3.7907,1.8233,0.2228,93.589,0.5742
蔬菜類,"茭白筍",20.459,4.0152,1.332,0.1565,93.9913,0.505
蔬菜類,"玉米筍",33.3763,7.0269,1.768,0.16,90.45,0.5951
蔬菜類,"麻竹筍",22.0451,4.4183,1.422,0.13,93.36,0.6697
蔬菜類,"冷凍麻竹筍",17.2648,3.77,0.85,0.04,95.14,0.2
蔬菜類,"綠竹筍",24.9617,4.7427,1.7175,0.2348,92.6235,0.6815
蔬菜類,"帶殼熟綠竹筍",25.2944,4.9425,2.01,0.0899,92.425,0.5326
蔬菜類,"沙拉筍塊",23.7743,4.8353,1.5635,0.098,93.0855,0.4177
蔬菜類,"熟箭竹筍",19.7042,2.9456,2.0968,0.3253,93.5818,1.0505
蔬菜類,"白蘆筍",25.2835,4.9074,1.8453,0.1565,92.572,0.5188
蔬菜類,"綠蘆筍平均值",21.8875,3.4677,2.6543,0.1684,93.0322,0.6775
蔬菜類,"綠蘆筍",22.2906,4.4582,1.348,0.1639,93.4477,0.5822
蔬菜類,"澳洲綠蘆筍(粗短型)",20.4908,3.1337,2.54,0.1929,93.361,0.7724
蔬菜類,"綠蘆筍(細短型)",22.9636,3.242,3.26,0.2125,92.541,0.7445
蔬菜類,"綠蘆筍(短型)",21.8049,3.0367,3.469,0.1043,92.779,0.611
蔬菜類,"蘆筍花",20.6429,2.6809,2.913,0.3053,93.113,0.9878
蔬菜類,"嫩莖萵苣",16.2946,3.12,1,0.18,95,0.7
蔬菜類,"嫩薑",21.2034,4.75,0,0.32,94.3,0.63
蔬菜類,"粉薑",28.3892,6.0567,0.98,0.2629,91.9938,0.7066
蔬菜類,"老薑",52.5956,11.6803,1.143,0.4836,85.8363,0.8568
蔬菜類,"檳榔嫩莖",31.3181,5.6331,2.232,0.4183,90.8913,0.8253
蔬菜類,"大蒜",122.4864,26.4265,6.6885,0.2269,65.5946,1.0635
蔬菜類,"青蒜",32.7941,6.4302,2.1337,0.254,90.4549,0.7272
蔬菜類,"蒜苗",53.5059,12.0439,2.229,0.083,85.1076,0.5365
蔬菜類,"青蔥平均值",30.6272,6.6068,1.2625,0.1855,91.4053,0.5399
蔬菜類,"青蔥(有機)",31.3369,6.7604,1.148,0.2346,91.26,0.597
蔬菜類,"山東大蔥",30.6474,6.7256,1.304,0.1196,91.38,0.4708
蔬菜類,"日本甜蔥",33.2834,7.5564,1.014,0.1382,90.671,0.6204
蔬菜類,"宜蘭粉蔥",27.2412,5.3849,1.584,0.2497,92.31,0.4714
蔬菜類,"白洋蔥",41.9293,9.9545,1.0005,0.058,88.5755,0.4115
蔬菜類,"紫洋蔥",31.5642,7.2722,0.8748,0.1088,91.3256,0.4186
蔬菜類,"黃洋蔥",41.5585,9.4918,0.9663,0.24,88.8983,0.4036
蔬菜類,"紅蔥頭",74.9788,16.353,3.437,0.2625,79.127,0.8205
蔬菜類,"韮菜花",28.2275,5.5551,1.802,0.22,91.75,0.6729
蔬菜類,"韮菜",23.0272,3.8785,1.8953,0.3507,93.0424,0.8331
蔬菜類,"韮黃",16.2344,2.909,1.478,0.1215,95.1187,0.3728
蔬菜類,"九層塔",27.3979,4.4484,2.904,0.2916,91,1.356
蔬菜類,"小麥苗",34.0464,5.4565,3.326,0.4841,89.599,1.1344
蔬菜類,"水菜(日本種)",10.9221,1.5872,1.164,0.201,95.658,1.3898
蔬菜類,"甘藍平均值",23.1788,4.7557,1.308,0.1439,93.2432,0.5492
蔬菜類,"梨山甘藍(尖球形)",24.058,5.0951,1.402,0.0614,92.929,0.5125
蔬菜類,"甘藍(扁圓形)",21.0373,4.2855,1.09,0.1754,93.899,0.5501
蔬菜類,"甘藍(圓球形)",24.4409,4.8866,1.432,0.1949,92.9015,0.585
蔬菜類,"甘藍(圓球形)(2021年取樣)",20.2123,4.617,0.842,0,94.07,0.471
蔬菜類,"紫色甘藍",28.4625,5.9071,1.484,0.1836,91.6715,0.7538
蔬菜類,"甘藍芽",33.0137,5.3965,2.6525,0.5995,90.47,0.8815
蔬菜類,"冷凍甘藍",20.4849,4.174,1.286,0.1,93.94,0.5
蔬菜類,"羽衣甘藍(有機)",35.2175,5.1132,2.956,0.8998,88.91,2.121
蔬菜類,"脫水甘藍",340.7258,82.631,6.856,0.06,4.728,5.725
蔬菜類,"甘藷葉",27.8434,4.4222,3.1552,0.2784,90.9326,1.2116
蔬菜類,"蚵仔白菜(2022年取樣)",13.0932,1.7525,1.399,0.3098,95.62,0.9187
蔬菜類,"荷葉白菜",14.4486,2.5246,1.436,0.1004,94.784,1.155
蔬菜類,"葵扇白菜",13.8586,2.3542,1.552,0.073,95.095,0.9258
蔬菜類,"黑葉白菜(短梗)",15.1397,2.8969,1.343,0.0386,94.749,0.9725
蔬菜類,"千寶菜",20.1997,3.6056,1.714,0.1968,93.349,1.1346
蔬菜類,"小白菜(土植)(1月取樣)",10.4144,1.5029,1.15,0.184,96.42,0.7431
蔬菜類,"小白菜(土植)(3月取樣)",13.9188,2.4482,1.221,0.14,95.29,0.9008
蔬菜類,"小白菜(土植)(4月取樣)",13.1398,2.2367,1.05,0.199,95.799,0.7153
蔬菜類,"小白菜(土植)(7月取樣)",10.4789,1.8059,0.96,0.11,96.315,0.8091
蔬菜類,"小白菜(土植)(10月取樣)",11.4178,1.6971,1.065,0.24,96.4,0.5979
蔬菜類,"小白菜(水耕)(1月取樣)",12.7756,2.0707,1.452,0.107,95.3,1.0703
蔬菜類,"小白菜(水耕)(4月取樣)",13.351,2.3965,0.979,0.172,95.633,0.8195
蔬菜類,"小白菜(水耕)(7月取樣)",12.2164,2.3612,0.902,0.077,95.661,0.9988
蔬菜類,"小白菜(水耕)(10月取樣)",11.9979,1.764,1.091,0.27,95.92,0.955
蔬菜類,"小白菜(有機)(1月取樣)",9.2122,0.7598,1.842,0.17,96.15,1.0782
蔬菜類,"小白菜(有機)(4月取樣)",14.4059,2.4329,1.254,0.195,95.039,1.0791
蔬菜類,"小白菜(有機)(7月取樣)",10.9009,1.7418,1.258,0.097,95.958,0.9452
蔬菜類,"小白菜(有機)(10月取樣)",12.9507,1.9007,1.347,0.24,95.68,0.8323
蔬菜類,"珍珠小白菜",11.1145,1.6901,1.497,0.0718,95.578,1.1631
蔬菜類,"油菜心",30.9035,3.95,3.2,0.85,91.1,0.9
蔬菜類,"油菜(有機)",12.9931,2.2137,1.303,0.113,95.04,1.3303
蔬菜類,"青江菜(土植)(1月取樣)",10.1525,1.62,1.307,0.049,96.36,0.664
蔬菜類,"青江菜(土植)(3月取樣)",12.8607,2.1903,1.233,0.13,95.57,0.8767
蔬菜類,"青江菜(土植)(4月取樣)",10.7355,1.8395,0.96,0.125,96.365,0.7105
蔬菜類,"青江菜(土植)(7月取樣)",14.8163,2.5334,1.507,0.118,95.13,0.7116
蔬菜類,"青江菜(土植)(10月取樣)",18.1348,3.357,1.701,0.07,93.97,0.902
蔬菜類,"青江菜(水耕)(1月取樣)",12.4853,2.3513,1.243,0.007,95.73,0.6687
蔬菜類,"青江菜(水耕)(4月取樣)",14.3465,2.3967,1.397,0.16,95.004,1.0423
蔬菜類,"青江菜(水耕)(7月取樣)",13.9288,2.1855,1.651,0.129,94.827,1.2075
蔬菜類,"青江菜(水耕)(10月取樣)",10.943,1.4127,1.371,0.22,96.02,0.9763
蔬菜類,"青江菜(有機)(1月取樣)",9.8742,1.4969,1.531,0.003,96.07,0.8991
蔬菜類,"青江菜(有機)(4月取樣)",14.8681,2.5062,1.382,0.176,94.866,1.0698
蔬菜類,"青江菜(有機)(7月取樣)",20.6762,3.4741,1.944,0.243,93.139,1.1999
蔬菜類,"青江菜(有機)(10月取樣)",15.4033,2.7405,1.64,0.05,94.62,0.9495
蔬菜類,"塔菇菜(有機)",14.0011,2.3378,1.864,0,94.66,1.1382
蔬菜類,"廣島野菜",15.828,2.9097,1.71,0,94.33,1.0503
蔬菜類,"日本油菜(有機)",20.437,3.3128,1.505,0.427,93.61,1.1452
蔬菜類,"結球白菜平均值",16.7791,2.8753,1.1926,0.2916,95.0944,0.5461
蔬菜類,"煙台白菜",14.2885,2.2458,1.296,0.255,95.76,0.4432
蔬菜類,"迷你竹筍白菜",18.9427,3.8221,1.256,0.0891,94.201,0.6318
蔬菜類,"翠玉白菜",19.4448,2.8315,1.0345,0.68,94.91,0.544
蔬菜類,"包心白菜",14.4402,2.6018,1.1837,0.1424,95.5067,0.5654
蔬菜類,"白菜芽",54.1636,11.4565,2.5663,0.3297,84.9803,0.6672
蔬菜類,"白鳳菜",27.308,4.8,2,0.4,91.5,1.3
蔬菜類,"紅鳳菜",22.4936,3.531,2.115,0.3801,92.6835,1.2904
蔬菜類,"豆瓣菜",20.5147,3.18,2.17,0.29,93.06,1.3
蔬菜類,"明日葉",56.7617,11.8916,1.434,0.7918,84.465,1.4176
蔬菜類,"山芹菜",27.9017,5.1895,2.126,0.25,90.71,1.7245
蔬菜類,"芹菜平均值",15.3823,3.135,0.7933,0.1288,95.0036,0.9395
蔬菜類,"芹菜(青梗)",12.3242,2.4264,0.779,0.098,95.715,0.9816
蔬菜類,"芹菜",18.4403,3.8435,0.8075,0.1595,94.2922,0.8973
蔬菜類,"西洋芹菜",11.1594,2.2293,0.3783,0.1761,96.3205,0.8958
蔬菜類,"大心芥菜",12.5392,2.4852,0.9815,0.0329,95.697,0.8034
蔬菜類,"大芥菜",19.1256,3.37,0.75,0.48,94.6,0.8
蔬菜類,"包心芥菜",17.1009,2.6883,1.0105,0.4742,95.2345,0.5925
蔬菜類,"芥菜平均值",19.0774,3.5165,1.5375,0.1595,93.829,0.9576
蔬菜類,"芥菜",17.7386,3.1986,1.6025,0.1273,94.1435,0.9281
蔬菜類,"雪裡蕻",20.4162,3.8343,1.4725,0.1917,93.5145,0.987
蔬菜類,"抱子芥菜",20.8736,3.8231,2.103,0.0542,93.427,0.5927
蔬菜類,"芥藍菜",19.9143,3.1933,1.738,0.3473,93.5957,1.1257
蔬菜類,"芥藍芽",26.223,4.5235,2.223,0.3294,92.063,0.8611
蔬菜類,"芫荽",25.9745,4.5154,2.2565,0.293,91.4814,1.4537
蔬菜類,"紅梗珍珠菜",37.2118,5.595,2.6,1.025,88.8,1.98
蔬菜類,"食茱萸",126.509,23.8,11.9,0.3,60.2,3.8
蔬菜類,"香樁",99.3469,19.43,4.3,1.47,72.1,2.7
蔬菜類,"茴香",23.8996,4.1287,2.198,0.2436,92.123,1.3067
蔬菜類,"馬齒莧",13.824,1.88,1.2,0.4,95.6,0.92
蔬菜類,"茼蒿",15.7387,2.2086,1.741,0.3063,94.7187,1.0254
蔬菜類,"日本茼蒿(有機)",25.9168,4.8337,1.93,0.24,91.77,1.2263
蔬菜類,"昭和草",26.365,3.78,2.2,0.7,91.9,1.42
蔬菜類,"隼人瓜苗",23.7434,3.5341,3.28,0.1633,92.1693,0.8533
蔬菜類,"白莧菜",17.4757,2.5564,1.892,0.3045,93.8885,1.3586
蔬菜類,"紅莧菜",21.8817,3.3026,2.6233,0.2543,91.896,1.9238
蔬菜類,"野莧菜",40.638,4.9,6.3,0.6,85.9,2.3
蔬菜類,"紫蘇",70.5075,11.8701,5.526,1.1632,79.371,2.0697
蔬菜類,"菠菜",17.8904,2.4416,2.1873,0.3151,93.662,1.394
蔬菜類,"菠菜(葉)(有機)",25.6494,3.5658,3.268,0.38,91.1,1.6862
蔬菜類,"冷凍菠菜",17.2126,2.89,2.14,0.04,94.13,0.8
蔬菜類,"菾菜",20.7438,3.6739,2.004,0.1392,92.947,1.2359
蔬菜類,"黃金菾菜",18.3533,2.6417,2.43,0.2012,93.39,1.3371
蔬菜類,"落葵",33.1824,6.0338,2.672,0.3166,90.0515,0.9261
蔬菜類,"藤三七",21.2508,3.2032,1.635,0.5346,93.5937,1.0335
蔬菜類,"不結球萵苣平均值",16.1684,2.8375,1.1184,0.2595,95.0165,0.7681
蔬菜類,"奶油萵苣(日本種)",15.6951,2.6276,1.093,0.3087,95.176,0.7947
蔬菜類,"紅葉萵苣(荷蘭種）",15.658,2.4766,1.364,0.2898,94.992,0.8776
蔬菜類,"廣東萵苣",19.8449,3.958,1.023,0.2065,94.0501,0.7624
蔬菜類,"蘿美萵苣",13.4757,2.2879,0.9937,0.2329,95.8477,0.6378
蔬菜類,"本島萵苣(土植)(1月取樣)",16.7144,2.476,1.563,0.354,95.03,0.577
蔬菜類,"本島萵苣(土植)(3月取樣)",17.7524,3.7879,0.337,0.2505,94.672,0.9526
蔬菜類,"本島萵苣(土植)(4月取樣)",16.7502,3.2721,0.874,0.203,95.143,0.5079
蔬菜類,"本島萵苣(土植)(7月取樣)",23.4994,4.3623,1.364,0.348,93.243,0.6827
蔬菜類,"本島萵苣(土植)(10月取樣)",13.8764,2.2114,1.142,0.27,95.74,0.6366
蔬菜類,"本島萵苣(水耕)(1月取樣)",13.7989,2.1354,1.561,0.165,95.24,0.8986
蔬菜類,"本島萵苣(水耕)(4月取樣)",14.8005,2.6519,0.97,0.229,95.316,0.8331
蔬菜類,"本島萵苣(水耕)(7月取樣)",12.602,1.902,1.442,0.168,95.575,0.913
蔬菜類,"本島萵苣(水耕)(10月取樣)",11.5701,1.6187,1.144,0.27,96,0.9673
蔬菜類,"本島萵苣(有機)(1月取樣)",14.8851,2.553,1.798,0.026,94.68,0.943
蔬菜類,"本島萵苣(有機)(4月取樣)",18.7474,3.4791,1.063,0.286,94.303,0.8689
蔬菜類,"本島萵苣(有機)(7月取樣)",17.1753,2.7336,1.496,0.31,94.75,0.7104
蔬菜類,"本島萵苣(有機)(10月取樣)",14.6738,2.3111,1.266,0.28,95.38,0.7629
蔬菜類,"水耕波士頓萵苣",14.3018,1.1902,1.323,0.74,95.95,0.7968
蔬菜類,"結球萵苣",13.4552,2.7944,0.653,0.1011,96.101,0.3505
蔬菜類,"豌豆苗",31.3063,4.448,3.7357,0.4984,90.3383,0.9796
蔬菜類,"龍葵",25.8164,3.38,3.8,0.32,91,1.5
蔬菜類,"蕹菜(土植)(1月取樣)",21.5859,3.5091,1.958,0.331,93.33,0.8719
蔬菜類,"蕹菜(土植)(4月取樣)",19.9551,3.5152,1.706,0.2122,93.532,1.0346
蔬菜類,"蕹菜(土植)(7月取樣)",17.0068,2.781,1.917,0.136,94.393,0.773
蔬菜類,"蕹菜(土植)(10月取樣)",17.4629,2.64,1.809,0.29,94.29,0.971
蔬菜類,"蕹菜(水耕)(1月取樣)",27.3093,4.5463,2.704,0.298,90.92,1.5317
蔬菜類,"蕹菜(水耕)(4月取樣)",23.5584,4.2901,2.2,0.127,92.239,1.1439
蔬菜類,"蕹菜(水耕)(7月取樣)",17.1858,2.7204,1.919,0.185,93.772,1.4036
蔬菜類,"蕹菜(水耕)(10月取樣)",22.7065,3.7963,2.185,0.26,92.53,1.2287
蔬菜類,"蕹菜(有機)(4月取樣)",25.8152,4.657,1.937,0.308,91.712,1.386
蔬菜類,"蕹菜(有機)(10月取樣)",19.3562,3.0196,1.711,0.37,93.71,1.1894
蔬菜類,"水蕹菜",23.6005,3.2726,2.61,0.4778,92.826,0.8136
蔬菜類,"蘿蔔葉",13.6798,1.9761,1.714,0.1771,95.079,1.0538
蔬菜類,"花椰菜",23.1991,4.47,1.7823,0.131,92.9675,0.6492
蔬菜類,"冷凍花椰菜",21.2569,4.49,1.27,0.05,93.79,0.4
蔬菜類,"紫色花椰菜",40.0602,7.5611,3.115,0.288,87.7865,1.2494
蔬菜類,"青花菜(1999年取樣)",28.4278,4.4343,3.6947,0.1737,90.803,0.8943
蔬菜類,"青花菜(2021年取樣)",37.9319,6.5419,3.439,0.4072,88.76,0.8519
蔬菜類,"冷凍青花菜",25.2669,4.4476,2.525,0.156,92.25,0.6214
蔬菜類,"青花菜筍",32.3202,5.1269,3.03,0.5241,90.435,0.884
蔬菜類,"花椰菜乾",290.7787,62.515,15.967,0.6137,13.703,7.2013
蔬菜類,"金針菜",39.5529,7.3875,2.3853,0.5367,89.0957,0.5948
蔬菜類,"金針菜乾",307.1319,65.4024,14.255,1.758,11.031,7.5536
蔬菜類,"洛神花乾",306.0205,71.2334,9,0.5532,11.526,7.6874
蔬菜類,"絲瓜花",31.3149,4.83,3.9,0.27,90,1
蔬菜類,"冬瓜平均值",10.8078,2.3502,0.3998,0.0711,96.8515,0.3275
蔬菜類,"冬瓜",12.7817,2.7231,0.4305,0.1235,96.458,0.2649
蔬菜類,"香芋冬瓜",8.8339,1.9773,0.369,0.0186,97.245,0.3901
蔬菜類,"冬瓜(2022年取樣)",20.7987,5.0569,0.411,0,94.11,0.4221
蔬菜類,"南瓜平均值",74.0847,17.3266,1.8516,0.1983,79.7579,0.8656
蔬菜類,"日本南瓜",85.8109,20.7791,0.582,0.388,77.4204,0.8305
蔬菜類,"台灣南瓜",48.9517,11.0755,1.6655,0.1665,86.375,0.7175
蔬菜類,"栗子南瓜",85.5911,20.6743,1.371,0.1636,76.892,0.8991
蔬菜類,"菊花南瓜",75.985,16.7776,3.788,0.075,78.344,1.0154
蔬菜類,"胡瓜",13.8438,2.9028,0.6553,0.0963,96.025,0.3206
蔬菜類,"花胡瓜(有機)",14.93,3.1037,0.759,0.1,95.49,0.5473
蔬菜類,"苦瓜(白皮)",19.3817,4.1213,0.8833,0.1188,94.3643,0.5123
蔬菜類,"苦瓜(青皮)",19.8198,4.2014,0.884,0.1336,94.305,0.476
蔬菜類,"珍珠苦瓜",18.627,4.1586,0.741,0.0558,94.573,0.4716
蔬菜類,"野苦瓜",29.9788,5.2884,1.687,0.5895,91.4812,0.9539
蔬菜類,"隼人瓜",23.1948,5.1559,0.737,0.1381,93.6937,0.2753
蔬菜類,"隼人瓜(2023年取樣)",21.5025,4.5469,0.704,0.23,94.07,0.4491
蔬菜類,"白皮蛇瓜",18.7305,3.17,1.44,0.31,94.5,0.58
蔬菜類,"綠皮蛇瓜",31.879,5.61,1.9,0.6,91.4,0.49
蔬菜類,"絲瓜",18.6884,3.8677,1.062,0.0982,94.646,0.3261
蔬菜類,"稜角絲瓜",20.3366,4.1415,0.896,0.2195,94.3635,0.3795
蔬菜類,"越瓜",18.1169,4.0778,0.626,0.0685,94.848,0.3797
蔬菜類,"蒲瓜平均值",17.7862,3.9644,0.4894,0.1246,95.1225,0.2992
蔬菜類,"蒲瓜(長形)",18.6325,4.1868,0.504,0.1175,94.861,0.3307
蔬菜類,"蒲瓜(圓形)",17.9223,4.0444,0.619,0.063,94.945,0.3286
蔬菜類,"花蒲瓜(圓形)",14.9133,3.4962,0.3345,0.048,95.884,0.2373
蔬菜類,"葫蘆瓜",19.6769,4.13,0.5,0.27,94.8,0.3
蔬菜類,"黃櫛瓜",15.1319,2.667,1.45,0.1113,95.036,0.7357
蔬菜類,"綠櫛瓜",13.0889,1.7914,2.18,0.0467,94.976,1.0059
蔬菜類,"枸杞乾",346.6949,77.8464,12.295,1.3,4.798,3.7606
蔬菜類,"長茄子",25.3298,5.3297,1.2165,0.1621,92.7843,0.5074
蔬菜類,"圓茄子",20.6965,4.5364,1.019,0.04,93.93,0.4746
蔬菜類,"大番茄平均值(紅色系)",18.5684,4.125,0.7743,0.054,94.5457,0.5009
蔬菜類,"牛番茄",18.5931,4.0434,0.7085,0.1156,94.672,0.4605
蔬菜類,"紅番茄",19.6986,4.3568,0.885,0.0464,94.137,0.5748
蔬菜類,"桃太郎番茄",17.4134,3.9749,0.7295,0,94.8281,0.4675
蔬菜類,"黃番茄",23.3043,5.2603,0.924,0.044,93.191,0.5807
蔬菜類,"大番茄平均值(綠色系)",21.9613,5.0091,0.7128,0.0667,93.8061,0.4053
蔬菜類,"粉柿番茄",17.9897,4.048,0.771,0.0218,94.765,0.3942
蔬菜類,"黑柿番茄",23.3283,5.5679,0.42,0.0613,93.59,0.3608
蔬菜類,"綠番茄",24.5658,5.4113,0.9475,0.117,93.0633,0.4609
蔬菜類,"小番茄平均值(紅色系)",32.6934,7.3827,0.9208,0.1778,90.942,0.5767
蔬菜類,"聖女小番茄",33.8335,6.9208,1.1085,0.4705,90.9978,0.5024
蔬菜類,"試交二號小番茄",29.9358,7.1771,0.736,0.002,91.4521,0.6328
蔬菜類,"櫻桃小番茄",34.3111,8.0501,0.918,0.061,90.376,0.5949
蔬菜類,"黃金小蕃茄",30.5688,6.7608,0.813,0.2475,91.477,0.7017
蔬菜類,"小番茄平均值(橙色系)",31.0774,6.8546,1.1123,0.1709,91.0585,0.8037
蔬菜類,"金女小番茄",29.9058,6.6221,1.099,0.1434,90.775,1.3605
蔬菜類,"黃金聖女小番茄",30.8959,6.9674,0.999,0.1321,91.3615,0.54
蔬菜類,"橙蕃茄",32.4305,6.9743,1.239,0.2371,91.039,0.5106
蔬菜類,"香瓜茄",25.9595,6.2197,0.44,0.0657,93.035,0.2396
蔬菜類,"甜椒平均值(青皮)",29.405,5.8863,1.0324,0.4472,92.2312,0.4028
蔬菜類,"甜椒(青皮)",23.34,4.8739,0.7873,0.2711,93.7277,0.34
蔬菜類,"小甜椒(青皮)",34.5107,6.7691,1.442,0.5177,90.842,0.4292
蔬菜類,"高山甜椒(青皮)",30.3643,6.016,0.868,0.5529,92.124,0.4391
蔬菜類,"甜椒(紅皮)",33.4918,7.0616,0.834,0.45,91.22,0.4344
蔬菜類,"甜椒(黃皮)",28.091,6.047,0.826,0.28,92.2,0.647
蔬菜類,"甜椒(橙皮)",34.5559,7.6643,0.9225,0.2686,90.7245,0.4201
蔬菜類,"青辣椒平均值",32.9325,6.8978,1.3443,0.2998,90.861,0.5971
蔬菜類,"角椒",22.1826,4.7393,0.904,0.159,93.624,0.5737
蔬菜類,"長辣椒(青皮)",48.9903,10.3412,1.889,0.4433,86.63,0.6965
蔬菜類,"糯米椒",27.6246,5.6128,1.24,0.297,92.329,0.5212
蔬菜類,"紅辣椒平均值",80.4199,16.3772,3.5632,0.8618,78.0463,1.1515
蔬菜類,"長辣椒(紅皮)",48.387,9.3176,2.3927,0.6905,86.791,0.8082
蔬菜類,"朝天椒(長果)",90.0771,17.9239,3.391,1.3488,76.0085,1.3278
蔬菜類,"朝天椒(圓果)",102.7955,21.8902,4.906,0.546,71.3394,1.3184
蔬菜類,"乾長辣椒(紅皮)",382.0585,47.6334,19.942,17.2091,13.338,1.8775
蔬菜類,"黃秋葵",35.613,7.4798,2.0565,0.1259,89.8345,0.5033
蔬菜類,"青花菜芽",34.6729,4.9478,2.802,0.96,90.87,0.4202
蔬菜類,"苜蓿芽",20.1213,2.5385,3.215,0.2148,93.61,0.4217
蔬菜類,"紫甘藍芽",32.0974,6.623,0.248,0.6712,92.028,0.4298
蔬菜類,"黃豆芽",47.0472,5.0467,5.277,1.6176,87.354,0.7047
蔬菜類,"黃豆芽(有機,2023年取樣)",40.9329,5.0065,5.072,0.97,88.22,0.7315
蔬菜類,"黑豆芽",51.5821,6.3933,6.625,1.11,84.97,0.9017
蔬菜類,"葵花芽",26.4237,4.3045,2.547,0.354,92.023,0.7715
蔬菜類,"綠豆芽",23.8073,4.0681,2.3453,0.2147,93.0757,0.2962
蔬菜類,"豌豆芽",25.4122,2.9252,3.971,0.4301,92.18,0.4937
蔬菜類,"蕎麥芽",20.0241,3.4194,1.866,0.215,94.069,0.4306
蔬菜類,"蘿蔔芽",23.5706,3.8526,2.14,0.3511,93.011,0.6453
蔬菜類,"山蘇菜",26.2878,4.3837,2.967,0.1694,91.55,0.9299
蔬菜類,"火炭母草",12.0412,1.24,1.6,0.36,93.6,3.2
蔬菜類,"石蓮花",10.561,2.1877,0.385,0.1219,96.676,0.6294
蔬菜類,"青葙",50.089,7.73,2.5,1.6,86.5,1.67
蔬菜類,"假人蔘",31.5362,2.22,1.64,2.22,92.6,1.32
蔬菜類,"野苦瓜嫩梢",76.5238,12.18,5.71,1.68,77.7,2.73
蔬菜類,"過溝菜蕨",27.3946,3.173,3.0975,0.8249,91.9125,0.9921
蔬菜類,"蔘鬚",330.1551,76.1549,7.018,1.7639,10.906,4.1572
蔬菜類,"龍骨瓣莕菜",17.3803,3.1389,1.093,0.2718,94.668,0.8283
蔬菜類,"薄荷",55.406,10.87,3.05,0.6,83.4,2.08
蔬菜類,"蕺菜",45.545,7.66,3.17,0.88,86.2,2.09
蔬菜類,"蘆薈",4.415,0.24,0.05,0.4,99.1,0.21
蔬菜類,"皇宮菜",21.7462,3.54,2.2,0.26,93.1,0.9
蔬菜類,"香芫荽",22.9932,3.94,2.4,0.16,93,0.5
蔬菜類,"荷蘭豆菜心",29.8365,3.85,3.9,0.55,90.9,0.8
蔬菜類,"厥子",22.7312,3.94,2.3,0.16,93,0.6
蔬菜類,"義大利茼蒿",14.8298,1.889,1.574,0.3989,95.253,0.8851
蔬菜類,"龍延草",78.755,12.73,3.89,2.26,77.7,3.42
蔬菜類,"麵包果",61.3168,11.1639,0.973,1.8194,85.37,0.6737
蔬菜類,"冰花",6.9103,0.9937,0.775,0.12,96.42,1.6913
藻類,"紅毛苔",264.6622,36.9289,39.932,1.9137,7.005,14.2204
藻類,"紫菜",267.5053,47.8537,28.05,0.8823,12.2787,10.9353
藻類,"熟紫菜",294.1501,62.3868,18.073,0.417,10.42,8.7032
藻類,"髮菜",302.2322,69.4918,10.274,0.5133,15.712,4.0089
藻類,"麒麟菜",41.1567,9.8869,0.95,0.013,87.509,1.6411
藻類,"乾麒麟菜",189.1532,46.6839,1.197,0.4719,6.243,45.4042
藻類,"礁膜",16.0285,3.7375,0.2575,0.0929,94.8291,1.083
藻類,"乾海茸芯",254.2605,59.078,8.425,0.213,15.133,17.151
藻類,"海帶平均值",19.0392,4.2218,0.7307,0.0788,94.131,0.8377
藻類,"海帶卷",14.0141,2.7531,0.716,0.1674,95.5275,0.836
藻類,"海帶茸",28.6693,6.5435,1.052,0.047,90.972,1.3855
藻類,"海帶梗",13.6788,3.2414,0.364,0.01,95.88,0.5046
藻類,"海帶結",16.7364,3.5752,0.7795,0.0897,94.7058,0.8498
藻類,"海帶絲",22.0973,4.9958,0.742,0.08,93.5696,0.6126
